
FECHA: 02/06/2022 11:13:00 p. m.
NOMBRE: Karla Judith Santos Rivera 
EDAD: 18 a単os
PESO: 62 kg
ESTATURA: 158
IMC: 24.83576

FECHA: 02/06/2022 11:13:26 p. m.
NOMBRE: Edwin Villada Dominguez
EDAD: 22 a単os
PESO: 73 kg
ESTATURA: 173
IMC: 24.39106

FECHA: 03/06/2022 10:54:01 a. m.
NOMBRE: Karla Santos 
EDAD: 18 a単os
PESO: 62 kg
ESTATURA: 158
IMC: 24.83576

FECHA: 03/06/2022 10:54:47 a. m.
NOMBRE: ASDAS
EDAD: 45 a単os
PESO: 45 kg
ESTATURA: 156
IMC: 18.49113

